 46346
 45303
 53224
 46453
  2628
 41917
 49681
 60735
 48548
 20404
 41753
  9891
 51417
 63939
 50327
 63898
 17770
 33127
 34122
 15274
 32588
 41614
 41134
  4440
 54434
 43194
 58567
 55328
 59101
 25303
 39080
 11170
 32849
  4952
 29311
 62866
 19138
 59276
 56656
 64565
 22856
 13031
 19991
 21393
 49919
 39356
 36503
 21607
 12829
 51055
  2855
 13586
 26442
 46151
  3603
 54120
 16129
  2224
 28514
  4152
 10502
 14365
 41393
 64054
 39588
 54014
    83
 43940
 18641
  5811
 31353
 22883
 38068
 52604
 20966
  4540
 24031
 63880
  2515
 15480
 61527
  2437
 12281
 26471
 42044
 30722
 40703
 27980
 34251
 63006
 45698
 53048
 19772
 43792
 46201
 10051
 32219
  4828
 57167
 54907
 18540
 32225
 48748
 13543
 50243
 33245
  5048
 21165
 36173
 29556
 40091
 55927
 40659
  5892
 22233
 43351
 14868
 59259
 21441
 33377
 27020
 16425
 42701
 45150
  3500
 29060
 15106
 44282
 24360
  8399
  3447
 21271
 19997
 25709
 49117
 62115
 15089
 15894
 18654
 52241
 65490
 54465
 12992
 26270
 39004
  4700
 29420
 64545
 53993
 49302
